0 0 0
0 1000 1
0 2 2
0 1 3
0 0 4
0 1 5
0 0 6
0 0 7
0 32 8
0 4 9
0 8 10
0 1 11
0 16 12
0 2 13
0 1 14
0 2 15
0 2 16
0 3 17
0 3 18
0 0 19
0 1 20
0 2 21
0 2 22
65 1
0 0 23
63 3
20 23 8 23
64
62 3
20 23 9 23
64
62 4
20 23 10 23
64
62 5
20 23 11 23
64
62 6
20 23 12 23
64
62 7
20 23 13 23
64
80 23
72 1
84 23
51 3 4 24
63 24
0 1 3
64
62 24
40 23 14 24
62 24
0 0 3
64
64
40 23 15 24
62 24
0 1 3
64
50 3 23
52 23 6 24
62 24
66
64
52 3 7 24
62 24
66
64
50 5 23
52 3 23 24
62 24
66
64
30 0
0 0 6
0 0 7
0 1 5
31 2
63 2
33 18 23
40 23 19 24
62 24
0 1 6
64
40 23 20 24
62 24
0 1 7
64
40 23 21 24
62 24
0 0 5
64
33 17 2
20 2 16 2
64
33 22 4
64
83 0